t 1 2 J3L0102 
0    2.5e-010    0.909091  -4.54545e-013  
5e-009    0.253361    0.894519  -0.000320579  
1e-008    0.503423     0.87158  -0.000504658  
1.5e-008    0.744013    0.846316  -0.00055581  
2e-008    0.969685    0.824355  -0.000483144  
2.5e-008     1.17592    0.810694  -0.000300533  
3e-008     1.35924    0.809527  -2.56778e-005  
3.5e-008     1.51733    0.824115  0.000320928  
4e-008     1.64902    0.856709  0.000717083  
4.5e-008     1.75431    0.908526  0.00113997  
5e-008     1.83423    0.979763  0.00156721  
5.5e-008     1.89081     1.06966  0.00197778  
6e-008     1.92682     1.17661  0.00235288  
6.5e-008      1.9457     1.29828   0.0026766  
7e-008     1.95132     1.43175  0.00293639  
7.5e-008     1.94776     1.57372  0.00312341  
8e-008     1.93917     1.72066  0.00323266  
8.5e-008     1.92955     1.86898  0.00326295  
9e-008     1.92258     2.01519  0.00321664  
9.5e-008     1.92154     2.15607  0.00309938  
1e-007     1.91125     2.28838  0.00291081  
1.05e-007     1.85751     2.40817  0.00263548  
1.1e-007     1.77479     2.51123  0.00226727  
1.15e-007     1.67862     2.59349  0.00180983  
1.2e-007      1.5848     2.65152  0.00127647  
1.25e-007     1.50849     2.68285  0.000689295  
1.3e-007     1.46325     2.68638  7.77296e-005  
1.35e-007     1.46013     2.66258  -0.0005235  
1.4e-007     1.50681     2.61363  -0.00107691  
1.45e-007     1.60702      2.5434  -0.0015451  
1.5e-007     1.76004     2.45732  -0.00189374  
1.55e-007     1.96067     2.36212  -0.00209447  
1.6e-007     2.19937     2.26542  -0.00212749  
1.65e-007       2.428     2.17447  -0.00200073  
1.7e-007     2.63296     2.09574  -0.00173212  
1.75e-007     2.80971     2.03462  -0.00134458  
1.8e-007     2.95518     1.99532  -0.000864647  
1.85e-007     3.06784     1.98073  -0.00032109  
1.9e-007     3.14763     1.99239  0.000256533  
1.95e-007     3.19588     2.03053  0.000839206  
2e-007     3.21514     2.09416   0.0013997  
2.05e-007     3.20901     2.18114  0.00191363  
2.1e-007     3.16419     2.28803  0.00235171  
2.15e-007     3.04848     2.40945  0.00267122  
2.2e-007     2.86901     2.53839  0.00283653  
2.25e-007     2.63769     2.66666  0.00282205  
2.3e-007      2.3872     2.78588  0.00262271  
2.35e-007     2.16584     2.88866   0.0022613  
2.4e-007      1.9786     2.96894  0.00176613  
2.45e-007      1.8287      3.0221  0.00116943  
2.5e-007     1.71754     3.04508  0.000505656  
2.55e-007      1.6448     3.03644  -0.00019016  
2.6e-007     1.60858     2.99626   -0.000884  
2.65e-007     1.60551     2.92606  -0.00154427  
2.7e-007     1.63111     2.82865  -0.00214304  
2.75e-007     1.69936     2.70831  -0.00264752  
2.8e-007     1.84677      2.5715  -0.00300988  
2.85e-007     2.06483     2.42646  -0.0031907  
2.9e-007      2.3396     2.28273  -0.00316226  
2.95e-007       2.606     2.14936  -0.00293394  
3e-007     2.84052     2.03433  -0.00253085  
3.05e-007     3.03782     1.94414  -0.00198401  
3.1e-007     3.19453     1.88375  -0.00132862  
3.15e-007     3.30918     1.85638  -0.000602217  
3.2e-007     3.38221     1.86352  0.00015713  
3.25e-007      3.4158       1.905  0.000912528  
3.3e-007     3.41363     1.97908   0.0016298  
3.35e-007     3.38065     2.08266   0.0022788  
3.4e-007     3.32279      2.2115  0.00283444  
3.45e-007      3.1957     2.35935  0.00325262  
3.5e-007     2.98798     2.51788  0.00348767  
3.55e-007     2.71341     2.67723  0.00350576  
3.6e-007      2.4268     2.82748  0.00330542  
3.65e-007     2.17258     2.95983  0.00291179  
3.7e-007      1.9569     3.06696  0.00235676  
3.75e-007     1.78385     3.14319  0.00167709  
3.8e-007     1.65545     3.18466  0.000912483  
3.85e-007     1.57169     3.18938  0.000103638  
3.9e-007     1.53063     3.15712  -0.000709605  
3.95e-007      1.5287      3.0894  -0.00148995  
4e-007     1.56086     2.98921  -0.00220413  
4.05e-007     1.62101     2.86084  -0.00282404  
4.1e-007      1.7209        2.71  -0.00331859  
4.15e-007     1.90985     2.54472  -0.00363603  
4.2e-007     2.17541     2.37491  -0.00373578  
4.25e-007     2.48137     2.21125  -0.00360072  
4.3e-007     2.75627     2.06333  -0.00325425  
4.35e-007     2.99299     1.93935  -0.00272742  
4.4e-007     3.18652     1.84585  -0.00205709  
4.45e-007     3.33401     1.78749  -0.00128382  
4.5e-007     3.43477     1.76704  -0.000449958  
4.55e-007     3.49014     1.78533  0.000402448  
4.6e-007     3.50331      1.8414   0.0012334  
4.65e-007     3.47903     1.93261  0.00200661  
4.7e-007     3.42332     2.05492  0.00269082  
4.75e-007     3.34312     2.20313  0.00326081  
4.8e-007     3.19008     2.36999  0.00367085  
4.85e-007     2.95085     2.54605  0.00387326  
4.9e-007     2.64189     2.72032  0.00383404  
4.95e-007     2.34628     2.88241  0.00356597  
5e-007     2.08703     3.02323  0.00309788  
5.05e-007     1.87025     3.13529  0.00246536  
5.1e-007     1.69982     3.21296  0.00170879  
5.15e-007     1.57739     3.25256  0.00087121  
5.2e-007     1.50246     3.25239  -3.75588e-006  
5.25e-007     1.47252     3.21267  -0.000873829  
5.3e-007     1.48335      3.1354  -0.00169986  
5.35e-007     1.52925     3.02416  -0.00244731  
5.4e-007     1.60345     2.88382  -0.0030875  
5.45e-007     1.71215     2.72056  -0.0035917  
5.5e-007     1.91516     2.54303  -0.00390564  
5.55e-007     2.19868      2.3618  -0.0039872  
5.6e-007     2.51418     2.18797  -0.00382409  
5.65e-007     2.79644     2.03154  -0.00344164  
5.7e-007     3.03818     1.90094  -0.00287302  
5.75e-007     3.23433     1.80289  -0.0021573  
5.8e-007     3.38209      1.7421  -0.0013373  
5.85e-007     3.48092      1.7213  -0.000457494  
5.9e-007      3.5324     1.74122  0.000438095  
5.95e-007     3.54001     1.80066  0.00130777  
6e-007     3.50887     1.89674  0.00211383  
6.05e-007      3.4454     2.02511  0.00282398  
6.1e-007     3.35694     2.18021  0.00341234  
6.15e-007     3.20269     2.35459  0.00383639  
6.2e-007     2.95821     2.53851  0.00404624  
6.25e-007     2.64056     2.72061  0.00400621  
6.3e-007     2.33721     2.89015  0.00372974  
6.35e-007     2.07132     3.03772  0.00324654  
6.4e-007     1.84919      3.1556  0.00259334  
6.45e-007     1.67486     3.23795   0.0018118  
6.5e-007     1.55004     3.28097  0.000946333  
6.55e-007     1.47423     3.28288  4.20103e-005  
6.6e-007     1.44486      3.2439  -0.000857508  
6.65e-007     1.45757     3.16609  -0.00171177  
6.7e-007      1.5065     3.05313  -0.00248508  
6.75e-007     1.58466     2.91005  -0.00314778  
6.8e-007     1.68756     2.74298  -0.00367549  
6.85e-007      1.8884     2.56064  -0.00401161  
6.9e-007     2.17345     2.37374  -0.00411176  
6.95e-007     2.49663     2.19373  -0.0039603  
7e-007     2.78644     2.03088  -0.00358253  
7.05e-007     3.03527     1.89398  -0.00301188  
7.1e-007     3.23778     1.78998  -0.00228799  
7.15e-007     3.39095     1.72387  -0.00145445  
7.2e-007     3.49408     1.69857  -0.000556688  
7.25e-007     3.54864     1.71494  0.000360165  
7.3e-007     3.55808      1.7719  0.00125325  
7.35e-007     3.52752     1.86662   0.0020837  
7.4e-007     3.46344     1.99471  0.00281806  
7.45e-007      3.3733     2.15059  0.00342942  
7.5e-007     3.22932     2.32698  0.00388059  
7.55e-007     2.99166     2.51422   0.0041193  
7.6e-007     2.67698     2.70092  0.00410733  
7.65e-007     2.36606     2.87603  0.00385235  
7.7e-007     2.09227     3.02983  0.00338357  
7.75e-007     1.86228     3.15426  0.00273757  
7.8e-007     1.68044     3.24318   0.0019562  
7.85e-007     1.54879     3.29247  0.00108436  
7.9e-007     1.46704      3.3001  0.000167835  
7.95e-007     1.43284     3.26606  -0.000748778  
8e-007     1.44194     3.19225  -0.00162393  
8.05e-007     1.48855     3.08221  -0.00242076  
8.1e-007     1.56568     2.94092  -0.00310838  
8.15e-007     1.66555     2.77443  -0.00366283  
8.2e-007     1.85384     2.59118  -0.0040315  
8.25e-007     2.12984     2.40175  -0.00416745  
8.3e-007     2.45922     2.21781  -0.00404674  
8.35e-007      2.7561     2.04992  -0.00369365  
8.4e-007     3.01252     1.90714  -0.00314096  
8.45e-007     3.22278     1.79678  -0.00242797  
8.5e-007     3.38352     1.72413  -0.00159827  
8.55e-007     3.49371     1.69242  -0.000697628  
8.6e-007     3.55457      1.7028  0.000228258  
8.65e-007     3.56932     1.75442  0.00113571  
8.7e-007     3.54293     1.84464  0.00198485  
8.75e-007     3.48179     1.96924  0.00274113  
8.8e-007      3.3933     2.12271  0.00337642  
8.85e-007     3.26314     2.29812  0.00385893  
8.9e-007     3.03658     2.48604   0.0041342  
8.95e-007     2.72945     2.67519  0.00416133  
9e-007     2.41185     2.85428  0.00394011  
9.05e-007      2.1304     3.01331  0.00349865  
9.1e-007     1.89215     3.14389  0.00287278  
9.15e-007     1.70186     3.23953  0.00210395  
9.2e-007     1.56191     3.29576  0.00123703  
9.25e-007     1.47239     3.31022  0.000318111  
9.3e-007     1.43121      3.2826  -0.000607586  
9.35e-007     1.43437     3.21452  -0.00149766  
9.4e-007     1.47627     3.10933  -0.00231419  
9.45e-007     1.55002     2.97183  -0.0030251  
9.5e-007     1.64788     2.80796  -0.00360514  
9.55e-007     1.81944     2.62576  -0.00400829  
9.6e-007     2.08184     2.43553  -0.00418514  
9.65e-007     2.41612     2.24909  -0.00410162  
9.7e-007     2.71919     2.07724  -0.00378065  
9.75e-007     2.98275     1.92934  -0.00325394  
9.8e-007     3.20072     1.81297  -0.00256007  
9.85e-007     3.36937     1.73378  -0.00174228  
9.9e-007     3.48731     1.69531  -0.000846274  
9.95e-007     3.55544     1.69903  8.19313e-005  
1e-006      3.5767      1.7444  0.000998083  
1.005e-006     3.55584     1.82902  0.00186149  
1.01e-006     3.49906     1.94886  0.00263659  
1.015e-006     3.41367     2.09859  0.00329413  
1.02e-006     3.29761     2.27164  0.00380711  
1.025e-006     3.08306     2.45888   0.0041192  
1.03e-006     2.78486      2.6492  0.00418703  
1.035e-006     2.46166     2.83112   0.0040023  
1.04e-006      2.1734     2.99439  0.00359181  
1.045e-006     1.92751     3.13031   0.0029904  
1.05e-006     1.72911     3.23208  0.00223892  
1.055e-006     1.58096      3.2949  0.00138195  
1.06e-006      1.4835     3.31607  0.000465665  
1.065e-006     1.43497     3.29496  -0.000464329  
1.07e-006     1.43164     3.23292  -0.00136497  
1.075e-006      1.4681     3.13303  -0.00219743  
1.08e-006     1.53765     2.99992  -0.00292857  
1.085e-006     1.63262     2.83937  -0.00353194  
1.09e-006     1.78715     2.65901  -0.00396788  
1.095e-006     2.03522      2.4688  -0.00418467  
1.1e-006     2.35932     2.28038  -0.0041452  
1.105e-006     2.66902     2.10479  -0.00386309  
1.11e-006     2.94044     1.95167  -0.0033687  
1.115e-006     3.16706     1.82895  -0.00269965  
1.12e-006     3.34476     1.74265  -0.0018986  
1.125e-006     3.47172      1.6967  -0.00101108  
1.13e-006     3.54847     1.69291  -8.33032e-005  
1.135e-006     3.57759     1.73109  0.000839947  
1.14e-006     3.56355     1.80914  0.00171715  
1.145e-006     3.51235     1.92331  0.00251168  
1.15e-006     3.43114     2.06845  0.00319302  
1.155e-006     3.32786     2.23835  0.00373778  
1.16e-006     3.12971     2.42428   0.0040905  
1.165e-006     2.84453     2.61542  0.00420505  
1.17e-006      2.5156     2.80009  0.00406281  
1.175e-006     2.22015     2.96777    0.003689  
1.18e-006     1.96599     3.10947  0.00311726  
1.185e-006     1.75867     3.21799   0.0023876  
1.19e-006     1.60139     3.28818   0.0015442  
1.195e-006     1.49498     3.31697  0.000633212  
1.2e-006     1.43805     3.30335  -0.000299439  
1.205e-006     1.42719     3.24835  -0.00121002  
1.21e-006     1.45727     3.15477  -0.00205877  
1.215e-006     1.52175     3.02698  -0.00281139  
1.22e-006      1.6131     2.87061  -0.00344014  
1.225e-006     1.74979     2.69281  -0.00391165  
1.23e-006     1.98266     2.50318  -0.00417191  
1.235e-006     2.29536     2.31314  -0.0041808  
1.24e-006     2.61186     2.13397  -0.00394185  
1.245e-006     2.89149     1.97561  -0.00348391  
1.25e-006     3.12729     1.84636  -0.00284345  
1.255e-006     3.31468     1.75261  -0.00206241  
1.26e-006     3.45141      1.6987  -0.00118606  
1.265e-006     3.53757     1.68685  -0.000260699  
1.27e-006     3.57538     1.71723  0.000668375  
1.275e-006     3.56899     1.78809  0.00155883  
1.28e-006     3.52414     1.89595  0.00237292  
1.285e-006      3.4478      2.0359  0.00307887  
1.29e-006     3.34782     2.20189  0.00365184  
1.295e-006     3.16933     2.38569  0.00404366  
1.3e-006     2.90059     2.57685  0.00420553  
1.305e-006     2.56689     2.76354   0.0041072  
1.31e-006     2.26503     2.93501  0.00377221  
1.315e-006     2.00322     3.08195  0.00323284  
1.32e-006     1.78744     3.19687  0.00252813  
1.325e-006      1.6213     3.27422  0.00170167  
1.33e-006     1.50603     3.31055  0.000799405  
1.335e-006     1.44062     3.30453  -0.00013255  
1.34e-006     1.42202     3.25681  -0.00104994  
1.345e-006     1.44536     3.16989  -0.00191221  
1.35e-006     1.50434     3.04789  -0.00268398  
1.355e-006     1.59158     2.89624  -0.00333631  
1.36e-006      1.7122     2.72164  -0.00384103  
1.365e-006     1.93107     2.53336  -0.00414218  
1.37e-006     2.23298     2.34259  -0.00419699  
1.375e-006      2.5552     2.16078  -0.00399978  
1.38e-006       2.842     1.99815  -0.00357785  
1.385e-006     3.08602     1.86331  -0.0029665  
1.39e-006     3.28225       1.763  -0.00220687  
1.395e-006     3.42804     1.70192  -0.00134381  
1.4e-006     3.52307     1.68266  -0.000423611  
1.405e-006      3.5692     1.70576  0.000508111  
1.41e-006     3.57027     1.76978  0.00140836  
1.415e-006     3.53176     1.87152  0.00223848  
1.42e-006     3.46046     2.00632  0.00296554  
1.425e-006     3.36408      2.1683  0.00356344  
1.43e-006     3.20447      2.3497  0.00399082  
1.435e-006     2.95183     2.54045  0.00419651  
1.44e-006     2.62401     2.72882  0.00414411  
1.445e-006     2.31572     2.90382  0.00385007  
1.45e-006     2.04616     3.05587  0.00334521  
1.455e-006      1.8217     3.17712  0.00266749  
1.46e-006     1.64638     3.26166  0.00185985  
1.465e-006     1.52189     3.30566  0.000967968  
1.47e-006     1.44761     3.30739  3.80761e-005  
1.475e-006     1.42082     3.26716  -0.000885094  
1.48e-006     1.43698     3.18715  -0.00176018  
1.485e-006     1.49002     3.07121  -0.00255077  
1.49e-006     1.57272     2.92454  -0.00322669  
1.495e-006      1.6771     2.75341  -0.00376484  
1.5e-006     1.88016     2.56668  -0.0041081  
1.505e-006     2.16959     2.37527  -0.00421094  
1.51e-006     2.49759     2.19084  -0.00405756  
1.515e-006     2.79169     2.02385  -0.00367365  
1.52e-006     3.04414     1.88325  -0.0030932  
1.525e-006     3.24949     1.77614  -0.00235653  
1.53e-006     3.40466     1.70759  -0.00150799  
1.535e-006     3.50891      1.6806  -0.000593842  
1.54e-006     3.56372     1.69606  0.00033999  
1.545e-006      3.5726     1.75287  0.00124986  
1.55e-006     3.54075     1.84815  0.00209616  
1.555e-006     3.47477     1.97746  0.00284482  
1.56e-006     3.38224     2.13511  0.00346838  
1.565e-006     3.24162     2.31385  0.00393227  
1.57e-006     3.00523     2.50398  0.00418289  
1.575e-006      2.6897     2.69402  0.00418073  
1.58e-006      2.3744     2.87272  0.00393157  
1.585e-006     2.09635     3.03021  0.00346464  
1.59e-006     1.86239     3.15824  0.00281672  
1.595e-006     1.67704     3.25051  0.00202998  
1.6e-006     1.54243     3.30278  0.00114981  
1.605e-006     1.45838     3.31289  0.000222556  
1.61e-006     1.42258     3.28078  -0.000706541  
1.615e-006      1.4308     3.20826  -0.00159527  
1.62e-006     1.47725      3.0989  -0.00240609  
1.625e-006     1.55488     2.95765  -0.00310748  
1.63e-006     1.65583     2.79061  -0.00367487  
1.635e-006     1.83876     2.60613  -0.00405855  
1.64e-006     2.11133     2.41475  -0.00421027  
1.645e-006     2.44423     2.22828  -0.00410229  
1.65e-006     2.74491     2.05744  -0.00375856  
1.655e-006     3.00523     1.91146  -0.00321167  
1.66e-006     3.21931     1.79778  -0.0025009  
1.665e-006     3.38363     1.72187  -0.00167002  
1.67e-006     3.49703     1.68709  -0.000765048  
1.675e-006     3.56061     1.69472  0.000167894  
1.68e-006      3.5775     1.74403  0.00108463  
1.685e-006     3.55263     1.83242  0.00194474  
1.69e-006     3.49236     1.95574  0.00271305  
1.695e-006     3.40411     2.10851  0.00336085  
1.7e-006      3.2802     2.28392  0.00385899  
1.705e-006     3.05837     2.47264  0.00415185  
1.71e-006     2.75409     2.66342  0.00419719  
1.715e-006     2.43289     2.84484  0.00399121  
1.72e-006     2.14744     3.00673  0.00356157  
1.725e-006       1.905     3.14054   0.0029438  
1.73e-006     1.71051     3.23959  0.00217926  
1.735e-006     1.56654     3.29927  0.00131289  
1.74e-006     1.47332     3.31704  0.000391027  
1.745e-006     1.42891     3.29247  -0.000540749  
1.75e-006     1.42942     3.22703  -0.00143955  
1.755e-006      1.4693     3.12399  -0.0022669  
1.76e-006     1.54172     2.98808  -0.00299008  
1.765e-006     1.63893      2.8252  -0.00358322  
1.77e-006     1.80238     2.64322  -0.00400363  
1.775e-006     2.05835     2.45228  -0.0042006  
1.78e-006     2.38874     2.26418  -0.00413832  
1.785e-006     2.69573     2.08984  -0.00383538  
1.79e-006     2.96369      1.9388  -0.00332293  
1.795e-006     3.18633     1.81884  -0.00263919  
1.8e-006     3.35971     1.73578  -0.00182722  
1.805e-006     3.48223     1.69338  -0.000932797  
1.81e-006     3.55461     1.69329  -2.13459e-006  
1.815e-006     3.57962     1.73511  0.000920123  
1.82e-006     3.56189      1.8166  0.00179277  
1.825e-006     3.50753     1.93385  0.00257961  
1.83e-006     3.42381     2.08161  0.00325071  
1.835e-006     3.31706     2.25354  0.00378246  
1.84e-006     3.11033     2.44069  0.00411728  
1.845e-006      2.8179     2.63207   0.0042102  
1.85e-006     2.49096     2.81605  0.00404766  
1.855e-006     2.19827     2.98222  0.00365568  
1.86e-006     1.94747      3.1217  0.00306857  
1.865e-006     1.74393     3.22746   0.0023268  
1.87e-006     1.59065      3.2945  0.00147488  
1.875e-006     1.48829     3.31991  0.000559062  
1.88e-006     1.43526     3.30288  -0.000374747  
1.885e-006     1.42801     3.24456  -0.00128302  
1.89e-006     1.46126     3.14791  -0.00212634  
1.895e-006     1.52839     3.01741  -0.00287086  
1.9e-006     1.62177     2.85881  -0.00348938  
1.905e-006     1.76605     2.67944  -0.00394607  
1.91e-006     2.00562     2.48908  -0.0041878  
1.915e-006     2.32358     2.29928  -0.00417566  
1.92e-006     2.63757     2.12121  -0.00391748  
1.925e-006     2.91402     1.96472  -0.00344283  
1.93e-006     3.14614     1.83796  -0.00278874  
1.935e-006     3.32955     1.74716  -0.00199755  
1.94e-006     3.46217      1.6965  -0.00111471  
1.945e-006     3.54429     1.68801  -0.000186574  
1.95e-006     3.57829     1.72173  0.000741705  
1.955e-006     3.56846     1.79573  0.00162807  
1.96e-006     3.52067     1.90642  0.00243519  
1.965e-006     3.44198     2.04878  0.00313179  
1.97e-006     3.34028     2.21667   0.0036936  
1.975e-006     3.15332     2.40164  0.00406944  
1.98e-006     2.87734     2.59308  0.00421157  
1.985e-006     2.54534      2.7792  0.00409465  
1.99e-006      2.2459     2.94933  0.00374293  
1.995e-006     1.98708      3.0943  0.00318932  
2e-006     1.77468     3.20672   0.0024733  
2.005e-006     1.61214     3.28121  0.00163876  
2.01e-006     1.50052     3.31447  0.000731784  
2.015e-006     1.43866     3.30531  -0.000201541  
2.02e-006     1.42335     3.25454  -0.00111713  
2.025e-006     1.44961     3.16478  -0.00197472  
2.03e-006     1.51102     3.04026  -0.00273933  
2.035e-006     1.60014     2.88651  -0.00338252  
2.04e-006     1.72728     2.71041  -0.00387409  
2.045e-006     1.95193     2.52138  -0.00415881  
2.05e-006     2.25841      2.3307  -0.00419495  
2.055e-006     2.57851     2.14976  -0.00398058  
2.06e-006     2.86257     1.98869  -0.00354364  
2.065e-006     3.10339     1.85596  -0.00291993  
2.07e-006     3.29613     1.75819  -0.00215096  
2.075e-006     3.43831     1.69993  -0.00128177  
2.08e-006     3.52975     1.68363  -0.000358704  
2.085e-006     3.57249     1.70966  0.000572714  
2.09e-006     3.57048     1.77646  0.00146972  
2.095e-006     3.52932     1.88074  0.00229401  
2.1e-006     3.45587      2.0177   0.0030131  
2.105e-006     3.35791     2.18139  0.00360135  
2.11e-006     3.19069     2.36388  0.00401476  
2.115e-006      2.9315     2.55493  0.00420304  
2.12e-006     2.59866      2.7427  0.00413102  
2.125e-006     2.29304     2.91631  0.00381938  
2.13e-006     2.02672      3.0663   0.0032996  
2.135e-006     1.80592     3.18494  0.00261009  
2.14e-006     1.63449     3.26649   0.0017941  
2.145e-006     1.51393     3.30728  0.000897422  
2.15e-006     1.44344     3.30574  -3.37296e-005  
2.155e-006     1.42017     3.26234  -0.000954815  
2.16e-006     1.43944      3.1794  -0.00182479  
2.165e-006     1.49507     3.06087  -0.00260769  
2.17e-006     1.57977     2.91206  -0.00327383  
2.175e-006     1.69046     2.73941  -0.0037983  
2.18e-006     1.90065     2.55195  -0.00412395  
2.185e-006     2.19581     2.36075  -0.00420643  
2.19e-006     2.52145     2.17737  -0.00403439  
2.195e-006     2.81254     2.01218  -0.00363421  
2.2e-006     3.06149     1.87398  -0.00304045  
2.205e-006     3.26302     1.76971  -0.0022938  
2.21e-006     3.41425     1.70431  -0.00143883  
2.215e-006     3.51461     1.68059  -0.00052182  
2.22e-006     3.56575     1.69929  0.000411411  
2.225e-006     3.57132     1.75918  0.00131748  
2.23e-006     3.53663     1.85723  0.00215717  
2.235e-006     3.46836     1.98891   0.0028969  
2.24e-006     3.37417     2.14844  0.00350976  
2.245e-006     3.22577     2.32837  0.00395846  
2.25e-006     2.98269     2.51885  0.00419038  
2.255e-006     2.66209     2.70827  0.00416729  
2.26e-006     2.34964     2.88551  0.00389935  
2.265e-006     2.07506     3.04081  0.00341648  
2.27e-006     1.84501     3.16608  0.00275595  
2.275e-006     1.66381     3.25518  0.00196026  
2.28e-006     1.53339     3.30404  0.00107494  
2.285e-006     1.45341     3.31069  0.000146297  
2.29e-006     1.42137     3.27521  -0.000780622  
2.295e-006     1.43292     3.19957  -0.00166395  
2.3e-006     1.48214     3.08746  -0.0024666  
2.305e-006     1.56193     2.94393  -0.0031576  
2.31e-006     1.66436     2.77515   -0.003713  
2.315e-006     1.85572      2.5897  -0.00407999  
2.32e-006     2.13539     2.39827  -0.00421143  
2.325e-006      2.4663     2.21261  -0.00408458  
2.33e-006     2.76429     2.04333  -0.0037241  
2.335e-006     3.02138     1.89955  -0.00316319  
2.34e-006     3.23187     1.78857  -0.00244154  
2.345e-006     3.39241      1.7157  -0.00160319  
2.35e-006     3.50202     1.68414  -0.000694248  
2.355e-006     3.56196     1.69502  0.000239223  
2.36e-006     3.57552     1.74744  0.00115326  
2.365e-006     3.54774      1.8387  0.00200779  
2.37e-006     3.48509     1.96452  0.00276807  
2.375e-006     3.39504     2.11934  0.00340592  
2.38e-006     3.26425     2.29615  0.00388997  
2.385e-006     3.03641     2.48549  0.00416543  
2.39e-006     2.72748       2.676  0.00419117  
2.395e-006     2.40868     2.85633  0.00396734  
2.4e-006     2.12625     3.01643  0.00352225  
2.405e-006     1.88729     3.14789  0.00289196  
2.41e-006     1.69656     3.24417  0.00211815  
2.415e-006     1.55644      3.3008  0.00124597  
2.42e-006       1.467     3.31543  0.000321755  
2.425e-006     1.42614     3.28774  -0.000609045  
2.43e-006     1.42984     3.21939  -0.00150382  
2.435e-006     1.47244     3.11373  -0.00232446  
2.44e-006     1.54703     2.97561  -0.00303875  
2.445e-006     1.64581       2.811  -0.00362134  
2.45e-006     1.81729     2.62797  -0.00402668  
2.455e-006     2.08012     2.43683  -0.00420504  
2.46e-006     2.41545     2.24946  -0.00412204  
2.465e-006     2.71951     2.07671  -0.00380064  
2.47e-006     2.98394     1.92795  -0.00327264  
2.475e-006     3.20265     1.81083  -0.00257673  
2.48e-006     3.37187       1.731  -0.0017563  
2.485e-006     3.49022     1.69203  -0.000857203  
2.49e-006     3.55857     1.69541  7.43763e-005  
2.495e-006     3.57988     1.74059  0.000994017  
2.5e-006     3.55889     1.82518  0.00186087  
2.505e-006     3.50184     1.94514  0.00263922  
2.51e-006     3.41605     2.09513  0.00329968  
2.515e-006     3.30092     2.26858  0.00381585  
2.52e-006     3.08685     2.45635   0.0041311  
2.525e-006     2.78866     2.64734  0.00420175  
2.53e-006     2.46448     2.83002  0.00401898  
2.535e-006     2.17524      2.9941  0.00360956  
2.54e-006     1.92841     3.13084  0.00300834  
2.545e-006     1.72914     3.23339  0.00225621  
2.55e-006     1.58023     3.29693  0.00139786  
2.555e-006     1.48215     3.31873  0.000479571  
2.56e-006     1.43314     3.29814  -0.000452932  
2.565e-006     1.42948     3.23649  -0.00135643  
2.57e-006     1.46579     3.13685  -0.00219196  
2.575e-006     1.53534     3.00384  -0.00292622  
2.58e-006     1.63045     2.84327  -0.00353263  
2.585e-006     1.78352     2.66271  -0.00397222  
2.59e-006     2.03058     2.47212  -0.00419299  
2.595e-006     2.35418     2.28315  -0.00415748  
2.6e-006     2.66486     2.10685  -0.00387847  
2.605e-006     2.93731     1.95293  -0.00338629  
2.61e-006     3.16498     1.82936  -0.00271848  
2.615e-006     3.34368     1.74219  -0.00191773  
2.62e-006     3.47159     1.69539  -0.00102964  
2.625e-006     3.54915     1.69082  -0.000100472  
2.63e-006     3.57896     1.72832  0.000824849  
2.635e-006     3.56545      1.8058  0.00170467  
2.64e-006     3.51461     1.91954  0.00250221  
2.645e-006     3.43359     2.06439  0.00318681  
2.65e-006     3.33033     2.23416   0.0037349  
2.655e-006     3.13397     2.42015   0.0040918  
2.66e-006     2.85012     2.61157  0.00421108  
2.665e-006     2.52045      2.7967  0.00407296  
2.67e-006     2.22412       2.965  0.00370252  
2.675e-006       1.969     3.10742  0.00313331  
2.68e-006     1.76071     3.21675  0.00240529  
2.685e-006     1.60245     3.28778  0.00156262  
2.69e-006     1.49512     3.31739  0.000651487  
2.695e-006     1.43736     3.30457  -0.000282118  
2.7e-006     1.42579     3.25028  -0.00119436  
2.705e-006     1.45529     3.15731  -0.00204537  
2.71e-006     1.51936        3.03  -0.00280069  
2.715e-006     1.61046     2.87398  -0.00343246  
2.72e-006     1.74541     2.69635  -0.00390793  
2.725e-006     1.97687     2.50668  -0.00417283  
2.73e-006     2.28859     2.31637  -0.00418672  
2.735e-006      2.6059     2.13673  -0.00395213  
2.74e-006     2.88647     1.97774  -0.00349777  
2.745e-006      3.1233     1.84774  -0.00285999  
2.75e-006     3.31175     1.75316  -0.0020807  
2.755e-006     3.44953     1.69838  -0.00120512  
2.76e-006     3.53668     1.68567  -0.000279622  
2.765e-006     3.57538     1.71524  0.000650451  
2.77e-006     3.56976     1.78536  0.00154265  
2.775e-006     3.52553     1.89259  0.00235912  
2.78e-006     3.44965     2.03204  0.00306793  
2.785e-006     3.34995     2.19768  0.00364406  
2.79e-006      3.1736     2.38133  0.00404019  
2.795e-006     2.90662     2.57257  0.00420722  
2.8e-006     2.57233     2.75955  0.00411361  
2.805e-006      2.2697     2.93149  0.00378272  
2.81e-006     2.00702     3.07907  0.00324669  
2.815e-006     1.79028     3.19472  0.00254447  
2.82e-006     1.62314     3.27289   0.0017196  
2.825e-006      1.5069     3.31007  0.000818014  
2.83e-006     1.44058     3.30488  -0.000114139  
2.835e-006     1.42115     3.25795  -0.00103254  
2.84e-006     1.44378     3.17174  -0.00189652  
2.845e-006      1.5022     3.05035  -0.0026706  
2.85e-006     1.58903     2.89919  -0.00332567  
2.855e-006      1.7079     2.72491  -0.00383418  
2.86e-006     1.92526     2.53673  -0.00413991  
2.865e-006     2.22604     2.34583  -0.0041998  
2.87e-006     2.54895     2.16368  -0.00400717  
2.875e-006     2.83658     2.00054  -0.00358915  
2.88e-006     3.08155     1.86504  -0.0029809  
2.885e-006     3.27878     1.76398  -0.0022235  
2.89e-006     3.42559     1.70208  -0.00136174  
2.895e-006     3.52161     1.68199  -0.000441935  
2.9e-006     3.56866     1.70428  0.000490257  
2.905e-006     3.57054     1.76754  0.00139176  
2.91e-006     3.53272     1.86862  0.00222381  
2.915e-006     3.46195     2.00286  0.00295335  
2.92e-006     3.36595     2.16441  0.00355412  
2.925e-006     3.20846     2.34558  0.00398556  
2.93e-006     2.95761     2.53631  0.00419621  
2.935e-006     2.63113     2.72492  0.00414932  
2.94e-006     2.32202     2.90038  0.00386014  
2.945e-006     2.05148     3.05308  0.00335934  
2.95e-006     1.82595     3.17511  0.00268476  
2.955e-006     1.64951     3.26053  0.00187925  
2.96e-006     1.52389     3.30546  0.000988461  
2.965e-006     1.44853     3.30813  5.86625e-005  
2.97e-006     1.42076     3.26879  -0.000865354  
2.975e-006     1.43606     3.18961  -0.00174213  
2.98e-006      1.4884     3.07437  -0.00253511  
2.985e-006     1.57057     2.92828  -0.00321397  
2.99e-006     1.67461     2.75758  -0.00375546  
2.995e-006     1.87547     2.57107  -0.00410326  
3e-006     2.16307     2.37964  -0.00421154  
3.005e-006     2.49165     2.19495  -0.00406319  
3.01e-006     2.78651     2.02751  -0.00368369  
3.015e-006     3.03986     1.88628  -0.0031069  
3.02e-006      3.2462     1.77842  -0.00237301  
3.025e-006      3.4024     1.70904  -0.00152633  
3.03e-006     3.50767     1.68117  -0.000613085  
3.035e-006     3.56346     1.69575  0.000320767  
3.04e-006     3.57322     1.75173  0.00123151  
3.045e-006     3.54214     1.84625  0.00207946  
3.05e-006     3.47678     1.97491  0.00283039  
3.055e-006     3.38471     2.13203  0.00345673  
3.06e-006     3.24598     2.31042  0.00392451  
3.065e-006     3.01121     2.50041  0.00417991  
3.07e-006     2.69693     2.69055   0.0041831  
3.075e-006     2.38095     2.86959  0.00393878  
3.08e-006     2.10205     3.02759  0.00347601  
3.085e-006     1.86712     3.15629  0.00283142  
3.09e-006     1.68073     3.24934  0.00204712  
3.095e-006     1.54505     3.30245  0.00116842  
3.1e-006     1.45997     3.31344  0.000241682  
3.105e-006      1.4232     3.28217  -0.000687804  
3.11e-006     1.43056     3.21046  -0.00157775  
3.115e-006     1.47627      3.1018  -0.00239052  
3.12e-006     1.55333     2.96114  -0.00309442  
3.125e-006     1.65387     2.79456  -0.00366477  
3.13e-006      1.8346     2.61035  -0.00405264  
3.135e-006      2.1053     2.41901  -0.0042095  
3.14e-006     2.43869     2.23236  -0.00410633  
3.145e-006     2.74003     2.06114  -0.00376689  
3.15e-006     3.00115     1.91461  -0.00322362  
3.155e-006     3.21613     1.80026  -0.00251568  
3.16e-006      3.3814     1.72359  -0.00168677  
3.165e-006     3.49576       1.688  -0.000782897  
3.17e-006     3.56025     1.69481  0.000149823  
3.175e-006     3.57799     1.74332  0.00106716  
3.18e-006     3.55387     1.83098   0.0019286  
3.185e-006     3.49422     1.95366  0.00269888  
3.19e-006     3.40644     2.10589  0.00334915  
3.195e-006     3.28422     2.28093   0.0038508  
3.2e-006     3.06389     2.46948  0.00414801  
3.205e-006     2.76078      2.6603  0.00419825  
3.21e-006       2.439     2.84198  0.00399676  
3.215e-006     2.15281     3.00429  0.00357101  
3.22e-006     1.90951     3.13868  0.00295643  
3.225e-006     1.71409     3.23842  0.00219426  
3.23e-006     1.56916     3.29884  0.00132942  
3.235e-006       1.475      3.3174  0.000408223  
3.24e-006      1.4297     3.29359  -0.000523723  
3.245e-006      1.4294     3.22889  -0.00142347  
3.25e-006      1.4686     3.12651  -0.00225242  
3.255e-006     1.54046     2.99116  -0.00297777  
3.26e-006     1.63727     2.82872  -0.0035735  
3.265e-006     1.79871     2.64701  -0.00399765  
3.27e-006     2.05296     2.45614  -0.00419924  
3.275e-006     2.38203     2.26786  -0.00414215  
3.28e-006     2.68974     2.09314  -0.00384385  
3.285e-006     2.95858     1.94153  -0.00333533  
3.29e-006      3.1822     1.82087  -0.00265466  
3.295e-006     3.35661     1.73701  -0.00184486  
3.3e-006     3.48018     1.69375  -0.000951642  
3.305e-006     3.55357     1.69279  -2.12512e-005  
3.31e-006     3.57951     1.73377  0.00090162  
3.315e-006      3.5626     1.81448  0.00177568  
3.32e-006     3.50892     1.93106  0.00256461  
3.325e-006     3.42572     2.07825  0.00323834  
3.33e-006     3.32097      2.2498  0.00377393  
3.335e-006      3.1161     2.43678   0.0041136  
3.34e-006     2.82513     2.62823  0.00421204  
3.345e-006     2.49752     2.81253  0.00405454  
3.35e-006     2.20398     2.97921  0.00366692  
3.355e-006      1.9522     3.11936  0.00308334  
3.36e-006     1.74761     3.22591  0.00234419  
3.365e-006     1.59325     3.29382  0.00149391  
3.37e-006     1.48982     3.32013  0.000578754  
3.375e-006      1.4358     3.30397  -0.000355334  
3.38e-006     1.42765     3.24649  -0.00126475  
3.385e-006     1.46015     3.15058  -0.00210997  
3.39e-006     1.52666     3.02072  -0.00285699  
3.395e-006     1.61961      2.8626  -0.00347849  
3.4e-006     1.76172     2.68354  -0.0039394  
3.405e-006     1.99944     2.49325  -0.00418631  
3.41e-006     2.31601     2.30326  -0.00417993  
3.415e-006     2.63081     2.12476  -0.0039269  
3.42e-006     2.90823     1.96764  -0.00345661  
3.425e-006     3.14145      1.8401  -0.00280593  
3.43e-006     3.32601     1.74841  -0.00201713  
3.435e-006      3.4598     1.69679  -0.00113563  
3.44e-006     3.54304     1.68735  -0.000207781  
3.445e-006     3.57808     1.72013  0.000721193  
3.45e-006     3.56916     1.79327  0.00160914  
3.455e-006     3.52212     1.90321   0.0024186  
3.46e-006     3.44402     2.04494  0.00311813  
3.465e-006     3.34272     2.21236  0.00368331  
3.47e-006     3.15808     2.39708  0.00406381  
3.475e-006     2.88404     2.58852  0.00421157  
3.48e-006     2.55147     2.77488  0.00409987  
3.485e-006     2.25127     2.94546  0.00375278  
3.49e-006     1.99154     3.09105  0.00320302  
3.495e-006     1.77814     3.20423  0.00248998  
3.5e-006     1.61454     3.27957  0.00165746  
3.505e-006     1.50187     3.31373  0.000751532  
3.51e-006       1.439     3.30547  -0.000181701  
3.515e-006     1.42277     3.25556  -0.0010981  
3.52e-006     1.44822     3.16659  -0.00195728  
3.525e-006     1.50898     3.04276  -0.00272417  
3.53e-006     1.59761     2.88957  -0.00337015  
3.535e-006     1.72282     2.71386  -0.00386567  
3.54e-006      1.9458     2.52499  -0.00415527  
3.545e-006     2.25099     2.33422  -0.00419688  
3.55e-006     2.57177     2.15297  -0.00398748  
3.555e-006     2.85668     1.99139  -0.00355484  
3.56e-006     3.09848       1.858  -0.00293459  
3.565e-006     3.29228     1.75944  -0.00216817  
3.57e-006     3.43553     1.70033  -0.00130057  
3.575e-006     3.52804     1.68314  -0.000378121  
3.58e-006     3.57177      1.7083  0.000553612  
3.585e-006     3.57064     1.77429  0.00145179  
3.59e-006     3.53023     1.87784  0.00227799  
3.595e-006     3.45739     2.01418  0.00299959  
3.6e-006     3.35985      2.1774  0.00359081  
3.605e-006     3.19488      2.3596  0.00400845  
3.61e-006      2.9376      2.5506  0.00420195  
3.615e-006     2.60621     2.73859  0.00413576  
3.62e-006     2.29976     2.91265  0.00382932  
3.625e-006     2.03244     3.06328   0.0033139  
3.63e-006     1.81052     3.18273   0.0026278  
3.635e-006     1.63792     3.26519  0.00181416  
3.64e-006     1.51617     3.30695  0.000918771  
3.645e-006     1.44455      3.3064  -1.21519e-005  
3.65e-006     1.42024     3.26394  -0.000934004  
3.655e-006     1.43859     3.18187  -0.00180564  
3.66e-006     1.49347      3.0641  -0.00259096  
3.665e-006     1.57759     2.91591  -0.00326012  
3.67e-006     1.68591     2.74368  -0.00378901  
3.675e-006     1.89401      2.5564  -0.0041202  
3.68e-006     2.18754     2.36509  -0.00420897  
3.685e-006     2.51398     2.18133  -0.00404265  
3.69e-006     2.80604     2.01554  -0.00364739  
3.695e-006     3.05612     1.87656  -0.00305761  
3.7e-006     3.25887     1.77138  -0.00231387  
3.705e-006     3.41134     1.70499  -0.00146069  
3.71e-006     3.51291     1.68024  -0.000544359  
3.715e-006     3.56519     1.69794  0.000389266  
3.72e-006     3.57176     1.75688  0.00129671  
3.725e-006     3.53793     1.85409  0.00213863  
3.73e-006     3.47035     1.98505  0.00288128  
3.735e-006     3.37664     2.14404  0.00349758  
3.74e-006     3.23073     2.32363  0.00395113  
3.745e-006     2.98977     2.51404    0.004189  
3.75e-006     2.67076      2.7037  0.00417253  
3.755e-006     2.35736     2.88145  0.00391048  
3.76e-006     2.08165     3.03748  0.00343257  
3.765e-006     1.85034     3.16366  0.00277591  
3.77e-006      1.6678     3.25379  0.00198292  
3.775e-006     1.53605     3.30375  0.00109907  
3.78e-006     1.45477     3.31151  0.000170707  
3.785e-006     1.42155     3.27709  -0.000757065  
3.79e-006     1.43206     3.20245  -0.00164226  
3.795e-006     1.48042     3.09119  -0.00244764  
3.8e-006     1.55955     2.94837  -0.00314205  
3.805e-006     1.66154     2.78013  -0.00370135  
3.81e-006     1.85023     2.59496  -0.00407371  
3.815e-006     2.12767     2.40352  -0.00421163  
3.82e-006     2.45925     2.21757  -0.0040908  
3.825e-006     2.75812     2.04777  -0.00373562  
3.83e-006     3.01627     1.90327  -0.00317912  
3.835e-006     3.22791     1.79141  -0.00246087  
3.84e-006     3.38967     1.71755  -0.00162481  
3.845e-006      3.5005     1.68496  -0.000717043  
3.85e-006      3.5616      1.6948  0.000216359  
3.855e-006     3.57622     1.74622  0.00113136  
3.86e-006     3.54936     1.83657  0.00198775  
3.865e-006     3.48746      1.9616  0.00275068  
3.87e-006     3.39797     2.11578  0.00339178  
3.875e-006      3.2694     2.29216   0.0038804  
3.88e-006     3.04349     2.48132  0.00416149  
3.885e-006     2.73605     2.67193  0.00419355  
3.89e-006     2.41645     2.85264  0.00397545  
3.895e-006     2.13304     3.01333  0.00353531  
3.9e-006     1.89294     3.14556    0.002909  
3.905e-006     1.70098     3.24275  0.00213812  
3.91e-006     1.55962     3.30037  0.00126774  
3.915e-006     1.46896     3.31602  0.00034421  
3.92e-006     1.42696     3.28933  -0.000586978  
3.925e-006     1.42963     3.22192  -0.00148312  
3.93e-006     1.47136      3.1171  -0.00230599  
3.935e-006     1.54526     2.97968  -0.0030232  
3.94e-006     1.64355     2.81563  -0.00360924  
3.945e-006     1.81244     2.63292  -0.00401949  
3.95e-006     2.07306     2.44184  -0.00420388  
3.955e-006     2.40697     2.25422  -0.0041275  
3.96e-006     2.71197     2.08095  -0.00381199  
3.965e-006     2.97754     1.93145  -0.00328895  
3.97e-006     3.19751     1.81341  -0.0025969  
3.975e-006     3.36807     1.73254  -0.00177914  
3.98e-006     3.48775     1.69248  -0.000881498  
3.985e-006     3.55739     1.69474  4.98281e-005  
3.99e-006     3.57988     1.73885  0.000970345  
3.995e-006     3.55993     1.82244  0.00183909  
4e-006     3.50373     1.94154  0.00262019  
4.005e-006      3.4186     2.09082  0.00328408  
4.01e-006     3.30614     2.26378  0.00380525  
4.015e-006      3.0944     2.45136  0.00412677  
4.02e-006     2.79803     2.64248  0.00420455  
4.025e-006     2.47297     2.82558  0.00402824  
4.03e-006     2.18262     2.99033  0.00362438  
4.035e-006     1.93451     3.12795  0.00302767  
4.04e-006     1.73387     3.23153  0.00227884  
4.045e-006     1.58357     3.29619  0.00142253  
4.05e-006     1.48411     3.31915  0.000505009  
4.055e-006     1.43382      3.2997  -0.000427929  
4.06e-006     1.42902     3.23911  -0.00133297  
4.065e-006     1.46435     3.14042  -0.00217101  
4.07e-006     1.53312     3.00822  -0.00290856  
4.075e-006     1.62768     2.84827  -0.00351885  
4.08e-006     1.77793     2.66809  -0.00396393  
4.085e-006     2.02259     2.47757  -0.00419142  
4.09e-006     2.34438     2.28833  -0.00416339  
4.095e-006     2.65613     2.11146  -0.00389106  
4.1e-006     2.92986     1.95671  -0.00340449  
4.105e-006     3.15896     1.83212  -0.00274106  
4.11e-006     3.33917     1.74378  -0.00194337  
4.115e-006     3.46859     1.69574  -0.00105694  
4.12e-006     3.54761     1.68992  -0.000128094  
4.125e-006     3.57877      1.7262  0.00079819  
4.13e-006     3.56644     1.80257  0.00168013  
4.135e-006     3.51657     1.91533  0.00248075  
4.14e-006      3.4363     2.05938   0.0031692  
4.145e-006     3.33353     2.22855   0.0037217  
4.15e-006     3.14018     2.41422  0.00408468  
4.155e-006     2.85886     2.60564  0.00421129  
4.16e-006     2.52844     2.79109  0.00407996  
4.165e-006      2.2311     2.95998  0.00371552  
4.17e-006      1.9748     3.10322  0.00315131  
4.175e-006     1.76518     3.21355  0.00242713  
4.18e-006     1.60555     3.28568  0.00158706  
4.185e-006     1.49685     3.31647  0.000677252  
4.19e-006     1.43777     3.30482  -0.000256271  
4.195e-006       1.425     3.25166  -0.0011696  
4.2e-006     1.45347     3.15971  -0.00202272  
4.205e-006     1.51668      3.0333  -0.00278103  
4.21e-006     1.60715     2.87801  -0.00341646  
4.215e-006     1.73959     2.70087  -0.0038971  
4.22e-006     1.96887      2.5114  -0.00416837  
4.225e-006     2.27891     2.32097  -0.0041894  
4.23e-006     2.59712     2.14091  -0.0039613  
4.235e-006      2.8788     1.98125  -0.00351252  
4.24e-006     3.11692     1.85038  -0.00287925  
4.245e-006     3.30674     1.75477  -0.00210327  
4.25e-006     3.44593     1.69888  -0.00122974  
4.255e-006     3.53446     1.68501  -0.000305013  
4.26e-006     3.57446     1.71344  0.000625497  
4.265e-006        3.57      1.7825  0.00151925  
4.27e-006     3.52675     1.88878  0.00233823  
4.275e-006     3.45165     2.02743  0.00305034  
4.28e-006     3.35251     2.19245  0.00363037  
4.285e-006     3.17909     2.37573  0.00403205  
4.29e-006     2.91461      2.5669   0.0042059  
4.295e-006     2.57969     2.75412  0.00411869  
4.3e-006     2.27621     2.92655  0.00379352  
4.305e-006     2.01247     3.07484  0.00326233  
4.31e-006     1.79454     3.19138  0.00256391  
4.315e-006     1.62615     3.27055  0.00174171  
4.32e-006     1.50864      3.3088  0.00084163  
4.325e-006     1.44109     3.30471  -9.01774e-005  
4.33e-006     1.42053     3.25883  -0.00100933  
4.335e-006     1.44217      3.1736  -0.00187504  
4.34e-006     1.49977     3.05307  -0.00265169  
4.345e-006     1.58597     2.90261  -0.00331001  
4.35e-006     1.70258     2.72883  -0.00382313  
4.355e-006     1.91797      2.5409  -0.0041346  
4.36e-006     2.21718     2.34994  -0.00420098  
4.365e-006     2.54086     2.16748  -0.00401429  
4.37e-006     2.82945     2.00377  -0.00360145  
4.375e-006     3.07555     1.86753  -0.00299744  
4.38e-006     3.27401     1.76556  -0.00224321  
4.385e-006     3.42208     1.70268  -0.00138351  
4.39e-006     3.51934     1.68156  -0.000464616  
4.395e-006     3.56758     1.70282  0.000467764  
4.4e-006     3.57053     1.76511  0.00137047  
4.405e-006     3.53362     1.86532  0.00220462  
4.41e-006     3.46359     1.99882    0.002937  
4.415e-006     3.36812     2.15978  0.00354117  
4.42e-006     3.21329     2.34058  0.00397752  
4.425e-006     2.96473     2.53123  0.00419427  
4.43e-006     2.63999     2.72006  0.00415423  
4.435e-006     2.32993     2.89602  0.00387119  
4.44e-006     2.05824     3.04946  0.00337558  
4.445e-006     1.83141     3.17242  0.00270508  
4.45e-006     1.65361     3.25889  0.00190244  
4.455e-006     1.52662     3.30495  0.00101327  
4.46e-006     1.44993     3.30876  8.38581e-005  
4.465e-006     1.42093     3.27053  -0.000840945  
4.47e-006     1.43515     3.19237  -0.00171956  
4.475e-006     1.48658     3.07804  -0.00251529  
4.48e-006     1.56806      2.9327  -0.0031976  
4.485e-006     1.67163     2.76256  -0.00374307  
4.49e-006     1.86978     2.57636  -0.00409635  
4.495e-006     2.15512     2.38494  -0.00421126  
4.5e-006     2.48436     2.19998  -0.00406907  
4.505e-006      2.7801     2.03202  -0.00369504  
4.51e-006     3.03452     1.89008  -0.00312282  
4.515e-006     3.24204     1.78133  -0.00239246  
4.52e-006     3.39948     1.71096  -0.0015482  
4.525e-006     3.50599     1.68204  -0.000636227  
4.53e-006     3.56296     1.69556  0.000297476  
4.535e-006     3.57382     1.75052  0.00120913  
4.54e-006     3.54369     1.84411  0.00205892  
4.545e-006     3.47911     1.97195   0.0028125  
4.55e-006     3.38762     2.12841   0.0034421  
4.555e-006     3.25117     2.30634  0.00391452  
4.56e-006     3.01839     2.49614  0.00417565  
4.565e-006     2.70566     2.68638  0.00418528  
4.57e-006     2.38887     2.86578  0.00394683  
4.575e-006     2.10897     3.02438  0.00348912  
4.58e-006     1.87289     3.15386  0.00284864  
4.585e-006     1.68526     3.24783  0.00206735  
4.59e-006     1.54832     3.30195  0.00119054  
4.595e-006     1.46199     3.31397  0.000264545  
4.6e-006     1.42405     3.28373  -0.000665294  
4.605e-006     1.43037     3.21298  -0.0015566  
4.61e-006     1.47519     3.10518  -0.0023716  
4.615e-006     1.55153     2.96525  -0.00307845  
4.62e-006     1.65157     2.79924  -0.00365229  
4.625e-006     1.82966     2.61536  -0.00404514  
4.63e-006     2.09812     2.42409  -0.00420813  
4.635e-006     2.43205     2.23724  -0.00411072  
4.64e-006     2.73416     2.06558  -0.00377643  
4.645e-006     2.99623     1.91842  -0.00323752  
4.65e-006     3.21227     1.80328  -0.00253303  
4.655e-006     3.37866     1.72571  -0.00170656  
4.66e-006     3.49416     1.68916  -0.000804059  
4.665e-006     3.55975       1.695  0.000128319  
4.67e-006     3.57851     1.74255   0.0010463  
4.675e-006     3.55528     1.82934  0.00190927  
4.68e-006     3.49637     1.95124  0.00268184  
4.685e-006     3.40917     2.10283    0.003335  
4.69e-006     3.28897     2.27741  0.00384078  
4.695e-006     3.07042     2.46574  0.00414313  
4.7e-006     2.76872     2.65661  0.00419918  
4.705e-006     2.44626     2.83857  0.00400303  
4.71e-006      2.1592     3.00138  0.00358194  
4.715e-006      1.9149     3.13643  0.00297117  
4.72e-006     1.71839     3.23697  0.00221188  
4.725e-006     1.57232     3.29829   0.0013489  
4.73e-006     1.47705     3.31777  0.000428539  
4.735e-006     1.43069     3.29488  -0.000503556  
4.74e-006     1.42944     3.23104  -0.00140436  
4.745e-006      1.4678     3.12944  -0.00223518  
4.75e-006     1.53901     2.99476  -0.00296306  
4.755e-006     1.63533     2.83286  -0.00356182  
4.76e-006     1.79439     2.65148  -0.00399036  
4.765e-006     2.04659     2.46069  -0.00419741  
4.77e-006      2.3741     2.27221  -0.00414647  
4.775e-006     2.68265     2.09704  -0.00385367  
4.78e-006     2.95252     1.94478  -0.0033498  
4.785e-006     3.17729     1.82329  -0.0026728  
4.79e-006     3.35292     1.73849  -0.00186558  
4.795e-006     3.47773     1.69423  -0.00097383  
4.8e-006      3.5523     1.69224  -4.3796e-005  
4.805e-006     3.57935     1.73222  0.000879766  
4.81e-006      3.5634     1.81202  0.00175546  
4.815e-006     3.51054     1.92778  0.00254684  
4.82e-006     3.42796     2.07431  0.00322366  
4.825e-006     3.32363     2.24535   0.0037628  
4.83e-006     3.12118     2.43205  0.00410737  
4.835e-006     2.83224     2.62349  0.00421174  
4.84e-006     2.50405     2.80802  0.00405975  
4.845e-006     2.20971     2.97516  0.00367703  
4.85e-006     1.95699     3.11596  0.00309754  
4.855e-006     1.75134      3.2233  0.00236156  
4.86e-006     1.59587      3.2921  0.00151345  
4.865e-006     1.49134     3.31934  0.000599442  
4.87e-006     1.43625     3.30414  -0.000334503  
4.875e-006     1.42713     3.24756  -0.00124472  
4.88e-006     1.45877     3.15249  -0.00209158  
4.885e-006     1.52459     3.02335  -0.00284096  
4.89e-006     1.61701     2.86584  -0.00346538  
4.895e-006     1.75708     2.68718  -0.00393043  
4.9e-006     1.99302     2.49707  -0.00418245  
4.905e-006     2.30821     2.30699  -0.00418184  
4.91e-006     2.62373     2.12816  -0.00393406  
4.915e-006     2.90204     1.97051  -0.0034683  
4.92e-006     3.13629     1.84227  -0.00282129  
4.925e-006     3.32195     1.74977  -0.0020352  
4.93e-006     3.45688     1.69725  -0.00115539  
4.935e-006     3.54123     1.68687  -0.00022821  
4.94e-006     3.57731     1.71874  0.000701072  
4.945e-006     3.56933     1.79102  0.00159022  
4.95e-006     3.52309     1.90019  0.00240167  
4.955e-006     3.44562     2.04128  0.00310385  
4.96e-006     3.34477     2.20819  0.00367214  
4.965e-006     3.16249      2.3926  0.00405708  
4.97e-006     2.89046     2.58398  0.00421032  
4.975e-006      2.5574     2.77052  0.00410376  
4.98e-006     2.25651     2.94148  0.00376128  
4.985e-006     1.99595     3.08764  0.00321543  
4.99e-006     1.78159     3.20152  0.00250547  
4.995e-006     1.61699     3.27767  0.00167513  
5e-006      1.5033     3.31269  0.000770433  
